<Name>rue des Cerises</Name>
49.709515 ; 6.249649 ; 6934.0 ; 317.0
49.709434 ; 6.249169 ; 6940.0 ; 318.0
49.709422 ; 6.24909 ; 6941.0 ; 318.2
49.70941 ; 6.249016 ; 6942.0 ; 318.6
49.709359 ; 6.248719 ; 6946.0 ; 319.4
49.709331 ; 6.248561 ; 6948.0 ; 320.0
49.709296 ; 6.248388 ; 6950.0 ; 320.6
49.709278 ; 6.248298 ; 6951.0 ; 321.0
49.709236 ; 6.248122 ; 6953.0 ; 321.8
49.70915 ; 6.247792 ; 6957.0 ; 323.0
49.709103 ; 6.247631 ; 6959.0 ; 323.6
49.709075 ; 6.247551 ; 6960.0 ; 324.0
49.708992 ; 6.247315 ; 6963.0 ; 325.6
49.708965 ; 6.24724 ; 6964.0 ; 326.2
49.708937 ; 6.247165 ; 6965.0 ; 326.6
49.708909 ; 6.247091 ; 6966.0 ; 327.0
49.708849 ; 6.246944 ; 6968.0 ; 327.8
49.708764 ; 6.246724 ; 6971.0 ; 329.2
49.708738 ; 6.246646 ; 6972.0 ; 330.0
49.708709 ; 6.246569 ; 6973.0 ; 330.4
49.708656 ; 6.246407 ; 6975.0 ; 331.2
49.708598 ; 6.246244 ; 6977.0 ; 331.6
49.708508 ; 6.246007 ; 6980.0 ; 332.6
49.708395 ; 6.245704 ; 6984.0 ; 333.4
49.708369 ; 6.24563 ; 6985.0 ; 333.8
49.708222 ; 6.245265 ; 6990.0 ; 335.0
49.708189 ; 6.245199 ; 6991.0 ; 335.4
49.708113 ; 6.245073 ; 6993.0 ; 336.2
49.708009 ; 6.244885 ; 6996.0 ; 337.6
49.707974 ; 6.24482 ; 6997.0 ; 338.0
49.707907 ; 6.244689 ; 6999.0 ; 338.8
49.707765 ; 6.244415 ; 7003.0 ; 340.0
49.707732 ; 6.244344 ; 7004.0 ; 340.4
49.707676 ; 6.244197 ; 7006.0 ; 341.4
49.707593 ; 6.243887 ; 7010.0 ; 342.6
49.707558 ; 6.243642 ; 7013.0 ; 343.6
49.707531 ; 6.243479 ; 7015.0 ; 344.6
49.707517 ; 6.243397 ; 7016.0 ; 345.2
49.707479 ; 6.243146 ; 7019.0 ; 346.4
49.707421 ; 6.242901 ; 7022.0 ; 347.6
49.707341 ; 6.242577 ; 7026.0 ; 348.8
49.707248 ; 6.242265 ; 7030.0 ; 350.2
49.707224 ; 6.24219 ; 7031.0 ; 350.6
49.707183 ; 6.242032 ; 7033.0 ; 351.4
49.70714 ; 6.241875 ; 7035.0 ; 352.2
49.707113 ; 6.2418 ; 7036.0 ; 352.6
49.707085 ; 6.241727 ; 7037.0 ; 353.0
49.707031 ; 6.241579 ; 7039.0 ; 354.0
49.706981 ; 6.241432 ; 7041.0 ; 355.2
49.706915 ; 6.241216 ; 7044.0 ; 356.6
49.70689 ; 6.241148 ; 7045.0 ; 357.0
49.70684 ; 6.241008 ; 7047.0 ; 358.2
49.70679 ; 6.240868 ; 7049.0 ; 359.2
49.706734 ; 6.240717 ; 7051.0 ; 360.2
49.70671 ; 6.240641 ; 7052.0 ; 360.6
49.706657 ; 6.240496 ; 7054.0 ; 361.6
49.706586 ; 6.240298 ; 7057.0 ; 363.0
49.70653 ; 6.240111 ; 7060.0 ; 364.0
49.706486 ; 6.239946 ; 7063.0 ; 365.4
49.706462 ; 6.239786 ; 7066.0 ; 366.8
49.706441 ; 6.239672 ; 7068.0 ; 367.6
49.706417 ; 6.239579 ; 7069.0 ; 367.8
49.706383 ; 6.239417 ; 7071.0 ; 368.4
49.706354 ; 6.239252 ; 7073.0 ; 369.0
49.70631 ; 6.239094 ; 7075.0 ; 370.2
49.706293 ; 6.239013 ; 7076.0 ; 370.2
49.706261 ; 6.238879 ; 7078.0 ; 370.6
49.706244 ; 6.23881 ; 7079.0 ; 371.0
49.706224 ; 6.238742 ; 7080.0 ; 371.4
49.706194 ; 6.238622 ; 7082.0 ; 372.2
49.706181 ; 6.238554 ; 7083.0 ; 372.4
49.706164 ; 6.238416 ; 7085.0 ; 373.2
49.706156 ; 6.238345 ; 7086.0 ; 373.4
49.706149 ; 6.238274 ; 7087.0 ; 373.8
49.706139 ; 6.238123 ; 7089.0 ; 374.6
49.706131 ; 6.237955 ; 7091.0 ; 375.4
49.70613 ; 6.237861 ; 7092.0 ; 375.8
49.706135 ; 6.237597 ; 7095.0 ; 377.2
49.706146 ; 6.237328 ; 7098.0 ; 378.4
49.706143 ; 6.237243 ; 7099.0 ; 378.8
49.706096 ; 6.237055 ; 7101.0 ; 379.4
49.706032 ; 6.236891 ; 7103.0 ; 380.0
49.705959 ; 6.236749 ; 7105.0 ; 380.6
49.705918 ; 6.236681 ; 7106.0 ; 380.8
49.705838 ; 6.236547 ; 7108.0 ; 382.0
49.7058 ; 6.236472 ; 7109.0 ; 382.6
49.705767 ; 6.236392 ; 7110.0 ; 383.0
49.705705 ; 6.236222 ; 7112.0 ; 384.2
49.705681 ; 6.236138 ; 7113.0 ; 384.6
49.70564 ; 6.23597 ; 7115.0 ; 385.4
49.705601 ; 6.235727 ; 7118.0 ; 386.4
49.705592 ; 6.235646 ; 7119.0 ; 386.8
49.705577 ; 6.235486 ; 7121.0 ; 387.6
49.705572 ; 6.235408 ; 7122.0 ; 388.2
49.705558 ; 6.235258 ; 7124.0 ; 389.0
49.705536 ; 6.235112 ; 7126.0 ; 390.2
49.705504 ; 6.234969 ; 7128.0 ; 391.2
49.705432 ; 6.234757 ; 7131.0 ; 392.4
49.705402 ; 6.234696 ; 7132.0 ; 392.8
49.705333 ; 6.234587 ; 7134.0 ; 393.6
49.705298 ; 6.234527 ; 7135.0 ; 393.8
49.705204 ; 6.234315 ; 7138.0 ; 394.6
49.705129 ; 6.234077 ; 7141.0 ; 396.0
49.705075 ; 6.233921 ; 7143.0 ; 397.0
49.705045 ; 6.233847 ; 7144.0 ; 397.2
49.704893 ; 6.233589 ; 7148.0 ; 398.2
49.704848 ; 6.233533 ; 7149.0 ; 398.6
49.704693 ; 6.233386 ; 7152.0 ; 399.6
49.704465 ; 6.233199 ; 7156.0 ; 400.6
49.704003 ; 6.232829 ; 7164.0 ; 401.4
49.70377 ; 6.232657 ; 7168.0 ; 401.8
49.703646 ; 6.232569 ; 7170.0 ; 402.0
49.70332 ; 6.232332 ; 7175.0 ; 403.0
49.703261 ; 6.232286 ; 7176.0 ; 403.4
49.703035 ; 6.232126 ; 7180.0 ; 404.2
49.702879 ; 6.232015 ; 7183.0 ; 405.4
49.702826 ; 6.231981 ; 7184.0 ; 405.8
49.702719 ; 6.231927 ; 7186.0 ; 406.6
49.702551 ; 6.23186 ; 7189.0 ; 407.6
49.702494 ; 6.231839 ; 7190.0 ; 408.0
49.702396 ; 6.231745 ; 7192.0 ; 408.8
