<Name>Huelmes climb</Name>
49.716892 ; 6.062882 ; 3647.0 ; 233.6
49.717099 ; 6.062863 ; 3650.0 ; 233.4
49.71717 ; 6.062825 ; 3651.0 ; 233.4
49.717382 ; 6.0627 ; 3654.0 ; 233.4
49.717588 ; 6.062576 ; 3657.0 ; 234.0
49.717717 ; 6.06249 ; 3659.0 ; 234.6
49.71778 ; 6.062445 ; 3660.0 ; 235.0
49.717972 ; 6.062298 ; 3663.0 ; 236.0
49.718037 ; 6.062241 ; 3664.0 ; 236.4
49.718293 ; 6.061965 ; 3668.0 ; 237.6
49.718474 ; 6.061742 ; 3671.0 ; 238.4
49.718537 ; 6.061671 ; 3672.0 ; 238.6
49.718781 ; 6.061395 ; 3676.0 ; 239.8
49.718894 ; 6.061269 ; 3678.0 ; 240.2
49.719009 ; 6.061143 ; 3680.0 ; 240.8
49.719245 ; 6.0609 ; 3684.0 ; 241.8
49.719357 ; 6.060784 ; 3686.0 ; 242.4
49.719523 ; 6.060603 ; 3689.0 ; 243.2
49.719802 ; 6.060317 ; 3694.0 ; 244.2
49.72004 ; 6.060098 ; 3698.0 ; 245.4
49.720228 ; 6.059948 ; 3701.0 ; 246.2
49.720293 ; 6.059902 ; 3702.0 ; 246.4
49.720619 ; 6.059649 ; 3707.0 ; 247.4
49.720682 ; 6.059596 ; 3708.0 ; 247.6
49.72102 ; 6.059398 ; 3713.0 ; 248.6
49.721342 ; 6.059173 ; 3718.0 ; 249.6
49.721404 ; 6.059126 ; 3719.0 ; 249.8
49.721638 ; 6.058906 ; 3723.0 ; 250.8
49.72181 ; 6.058739 ; 3726.0 ; 251.6
49.721863 ; 6.058679 ; 3727.0 ; 251.8
49.722131 ; 6.058393 ; 3732.0 ; 253.0
49.722282 ; 6.058198 ; 3735.0 ; 253.6
49.722344 ; 6.058027 ; 3737.0 ; 254.0
49.72236 ; 6.057931 ; 3738.0 ; 254.0
49.722359 ; 6.057736 ; 3740.0 ; 254.6
49.722314 ; 6.057554 ; 3742.0 ; 255.4
49.722277 ; 6.057474 ; 3743.0 ; 256.0
49.72212 ; 6.057321 ; 3746.0 ; 256.8
49.721858 ; 6.057297 ; 3750.0 ; 258.0
49.721741 ; 6.057334 ; 3752.0 ; 258.4
49.721631 ; 6.057368 ; 3754.0 ; 259.0
49.72158 ; 6.057385 ; 3755.0 ; 259.4
49.721427 ; 6.057449 ; 3758.0 ; 260.4
49.721267 ; 6.057494 ; 3761.0 ; 261.8
49.721215 ; 6.057503 ; 3762.0 ; 262.2
49.721108 ; 6.057519 ; 3764.0 ; 263.0
49.720931 ; 6.057543 ; 3767.0 ; 264.2
49.720752 ; 6.057547 ; 3770.0 ; 265.2
49.720561 ; 6.057575 ; 3773.0 ; 266.4
49.720449 ; 6.057603 ; 3775.0 ; 267.6
49.720297 ; 6.057652 ; 3778.0 ; 268.8
49.720195 ; 6.057723 ; 3780.0 ; 269.6
49.720147 ; 6.057763 ; 3781.0 ; 270.0
49.719988 ; 6.057905 ; 3784.0 ; 271.8
49.719846 ; 6.058024 ; 3787.0 ; 272.8
49.719802 ; 6.058073 ; 3788.0 ; 273.0
49.719662 ; 6.058201 ; 3791.0 ; 274.0
49.719616 ; 6.058243 ; 3792.0 ; 274.4
49.719521 ; 6.058338 ; 3794.0 ; 274.8
49.719472 ; 6.058376 ; 3795.0 ; 275.2
49.719324 ; 6.058471 ; 3798.0 ; 276.2
49.719214 ; 6.058531 ; 3800.0 ; 276.8
49.719157 ; 6.05856 ; 3801.0 ; 277.4
49.718993 ; 6.058631 ; 3804.0 ; 278.4
49.718882 ; 6.058677 ; 3806.0 ; 280.0
49.718825 ; 6.058699 ; 3807.0 ; 280.4
49.718713 ; 6.058741 ; 3809.0 ; 281.2
49.718553 ; 6.058811 ; 3812.0 ; 282.4
49.718445 ; 6.058865 ; 3814.0 ; 282.8
49.718339 ; 6.058921 ; 3816.0 ; 283.4
49.718234 ; 6.05898 ; 3818.0 ; 284.6
49.718026 ; 6.059104 ; 3822.0 ; 285.8
49.717975 ; 6.059139 ; 3823.0 ; 286.2
49.717876 ; 6.059206 ; 3825.0 ; 286.8
49.717726 ; 6.059302 ; 3828.0 ; 287.8
49.717678 ; 6.059341 ; 3829.0 ; 288.0
49.717631 ; 6.059371 ; 3830.0 ; 288.2
49.717488 ; 6.059364 ; 3833.0 ; 289.0
49.717383 ; 6.059219 ; 3836.0 ; 290.0
49.717358 ; 6.059159 ; 3837.0 ; 290.4
49.717345 ; 6.059024 ; 3839.0 ; 291.0
49.717354 ; 6.058898 ; 3841.0 ; 291.2
49.717359 ; 6.058838 ; 3842.0 ; 291.4
49.717365 ; 6.058766 ; 3843.0 ; 291.6
49.717374 ; 6.058702 ; 3844.0 ; 291.6
49.717391 ; 6.0585 ; 3847.0 ; 292.6
49.717407 ; 6.058324 ; 3850.0 ; 293.8
49.717408 ; 6.058173 ; 3852.0 ; 294.6
49.71742 ; 6.058103 ; 3853.0 ; 295.2
49.717421 ; 6.057904 ; 3856.0 ; 296.4
49.717421 ; 6.057789 ; 3858.0 ; 297.2
49.717418 ; 6.057706 ; 3859.0 ; 297.6
49.717407 ; 6.057493 ; 3862.0 ; 298.6
49.717406 ; 6.057396 ; 3863.0 ; 299.0
49.717407 ; 6.057251 ; 3865.0 ; 299.8
49.717355 ; 6.057003 ; 3868.0 ; 300.8
49.71734 ; 6.056929 ; 3869.0 ; 301.0
49.717332 ; 6.056786 ; 3871.0 ; 301.8
49.717325 ; 6.05671 ; 3872.0 ; 302.0
49.717296 ; 6.056534 ; 3874.0 ; 302.8
49.717274 ; 6.056427 ; 3875.0 ; 303.2
49.717237 ; 6.056299 ; 3876.0 ; 303.8
49.717195 ; 6.056131 ; 3878.0 ; 304.6
49.717179 ; 6.056062 ; 3879.0 ; 305.0
49.71717 ; 6.056001 ; 3880.0 ; 305.4
49.717157 ; 6.055924 ; 3881.0 ; 305.6
49.717087 ; 6.055658 ; 3884.0 ; 306.6
49.717067 ; 6.05557 ; 3885.0 ; 307.0
49.717028 ; 6.055303 ; 3888.0 ; 308.2
49.717003 ; 6.055132 ; 3890.0 ; 308.8
49.716978 ; 6.055052 ; 3891.0 ; 309.0
49.716956 ; 6.054975 ; 3892.0 ; 309.2
49.71694 ; 6.054841 ; 3894.0 ; 309.6
49.716921 ; 6.054688 ; 3896.0 ; 310.4
49.716908 ; 6.054614 ; 3897.0 ; 310.6
49.716886 ; 6.054391 ; 3900.0 ; 311.4
49.716883 ; 6.054176 ; 3903.0 ; 312.6
49.716881 ; 6.054009 ; 3905.0 ; 313.4
49.716871 ; 6.05392 ; 3906.0 ; 314.0
49.716858 ; 6.053826 ; 3907.0 ; 314.2
49.71683 ; 6.053652 ; 3909.0 ; 315.0
49.716795 ; 6.053482 ; 3911.0 ; 315.6
49.716777 ; 6.053327 ; 3913.0 ; 316.2
49.716754 ; 6.053146 ; 3916.0 ; 317.0
49.716742 ; 6.053091 ; 3917.0 ; 317.2
49.716689 ; 6.052871 ; 3920.0 ; 318.4
49.716657 ; 6.052793 ; 3921.0 ; 318.6
49.716593 ; 6.052624 ; 3923.0 ; 319.6
49.716556 ; 6.052548 ; 3924.0 ; 319.8
49.716429 ; 6.052348 ; 3927.0 ; 320.6
49.716387 ; 6.052287 ; 3928.0 ; 321.0
49.716342 ; 6.05223 ; 3929.0 ; 321.4
49.716298 ; 6.052183 ; 3930.0 ; 322.0
49.716164 ; 6.052048 ; 3933.0 ; 322.8
49.716123 ; 6.052005 ; 3934.0 ; 323.0
49.715953 ; 6.051858 ; 3938.0 ; 324.0
49.715912 ; 6.051815 ; 3939.0 ; 324.4
49.715786 ; 6.051701 ; 3942.0 ; 325.4
49.715638 ; 6.051567 ; 3945.0 ; 326.4
49.715587 ; 6.05152 ; 3946.0 ; 326.8
