<Name>A20 brug Pollux kant</Name>
51.919642 ; 4.320012 ; 1550.0 ; -8.6
51.919729 ; 4.319459 ; 1554.0 ; -8.6
51.919774 ; 4.319193 ; 1556.0 ; -8.6
51.920239 ; 4.318792 ; 1564.0 ; -8.4
51.920363 ; 4.318651 ; 1567.0 ; -6.8
51.920389 ; 4.318476 ; 1569.0 ; -5.8
51.920404 ; 4.31838 ; 1570.0 ; -5.2
51.920418 ; 4.318284 ; 1571.0 ; -4.6
51.920555 ; 4.317324 ; 1580.0 ; -4.0
51.920682 ; 4.316462 ; 1587.0 ; -3.8
51.920779 ; 4.315723 ; 1593.0 ; -3.8
51.920523 ; 4.314953 ; 1600.0 ; -3.8
51.920238 ; 4.314364 ; 1605.0 ; -3.8
51.920188 ; 4.314221 ; 1606.0 ; -3.8
51.920122 ; 4.313587 ; 1610.0 ; -4.2
51.919813 ; 4.313188 ; 1614.0 ; -5.2
51.919378 ; 4.312836 ; 1619.0 ; -5.4
