48.68770900 6.128876000 341.9
48.68771600 6.128894000 341.9
48.68779900 6.128768000 342.6
48.68798800 6.128621000 343.5
48.68792700 6.127525000 346.4
48.68780900 6.127327000 347.0
48.68773100 6.127336000 346.9
48.68737100 6.127583000 345.9
48.68688800 6.127843000 344.7
48.68612200 6.128005000 343.1
48.68585000 6.128125000 343.3
48.68571800 6.128134000 343.6
48.68548600 6.128312000 343.0
48.68497500 6.128611000 342.4
48.68478200 6.128776000 342.1
48.68469600 6.128896000 341.7
48.68430500 6.128708000 342.9
48.68422500 6.128757000 342.5
48.68409000 6.128757000 342.4
48.68345900 6.128546000 344.1
48.68301300 6.128493000 346.3
48.68262800 6.128556000 347.9
48.68245800 6.128631000 348.6
48.68199200 6.129497000 348.0
48.68184400 6.130270000 345.7
48.68191800 6.131004000 343.8
48.68198800 6.131507000 342.5
48.68156700 6.133570000 334.2
48.68117900 6.133908000 331.5
48.68103900 6.133935000 330.8
48.68086700 6.133791000 331.7
48.68050800 6.133326000 332.3
48.68024300 6.132771000 332.9
48.68008300 6.131965000 337.7
48.67977300 6.131620000 337.9
48.67944400 6.131152000 338.3
48.67934600 6.131134000 338.3
48.67908800 6.130971000 338.9
48.67877500 6.130738000 339.8
48.67851500 6.130619000 339.9
48.67816400 6.130417000 340.3
48.67802200 6.130382000 340.3
48.67789900 6.130618000 339.0
48.67732400 6.131356000 332.2
48.67700600 6.131812000 328.2
48.67672600 6.132069000 327.8
48.67647800 6.132264000 328.3
48.67628500 6.132474000 329.2
48.67581000 6.133216000 329.9
48.67560900 6.133463000 330.0
48.67538100 6.133442000 331.1
48.67523700 6.133365000 331.5
48.67518600 6.132882000 333.1
48.67511600 6.132829000 333.2
48.67514800 6.132717000 333.5
48.67481800 6.132905000 333.0
48.67451800 6.133143000 332.5
48.67420700 6.132981000 333.3
48.67392500 6.132869000 333.9
48.67360800 6.132709000 335.2
48.67348900 6.132598000 336.3
48.67336600 6.132663000 337.0
48.67327100 6.132606000 337.9
48.67276200 6.132514000 341.6
48.67260800 6.132307000 343.1
48.67246100 6.131755000 345.8
48.67245400 6.131157000 347.9
48.67223400 6.130855000 349.5
48.67199000 6.130794000 350.4
48.67181100 6.130720000 351.3
48.67170400 6.130715000 351.8
48.67158900 6.130839000 351.8
48.67136700 6.130833000 352.6
48.66936700 6.130890000 356.1
48.66905800 6.130926000 356.7
48.66890200 6.131048000 356.5
48.66879000 6.131103000 356.6
48.66827800 6.131260000 354.8
48.66782400 6.131547000 352.9
48.66780400 6.131662000 352.6
48.66767500 6.131898000 352.1
48.66744800 6.132517000 348.8
48.66730900 6.132999000 345.3
48.66729200 6.133190000 343.3
48.66742100 6.133367000 340.6
48.66741100 6.133621000 337.7
48.66743900 6.133792000 335.4
48.66734600 6.134301000 329.3
48.66728700 6.134524000 326.8
48.66702100 6.134715000 327.4
48.66669300 6.134889000 328.6
48.66619400 6.134582000 334.2
48.66609000 6.134373000 337.0
48.66611400 6.134275000 338.0
48.66620100 6.134224000 338.4
48.66635100 6.133994000 340.4
48.66652900 6.133619000 343.4
48.66677800 6.132988000 347.5
48.66685300 6.132567000 350.0
48.66695600 6.132297000 351.6
48.66699000 6.132097000 352.9
48.66695200 6.131847000 353.1
48.66689200 6.131653000 353.4
48.66686900 6.131494000 353.5
48.66680500 6.131519000 353.7
48.66672500 6.131591000 353.8
48.66656100 6.131877000 353.5
48.66651800 6.132219000 352.4
48.66624500 6.132414000 351.8
48.66605300 6.132392000 352.3
48.66569500 6.132182000 353.9
48.66538400 6.132141000 354.8
48.66518100 6.132071000 355.9
48.66498100 6.131952000 357.0
48.66485300 6.131992000 357.3
48.66429900 6.131549000 359.8
48.66401500 6.131230000 361.4
48.66387200 6.130817000 362.9
48.66382800 6.130205000 365.0
48.66373600 6.129949000 366.2
48.66332400 6.129368000 366.9
48.66309600 6.128908000 367.6
48.66290100 6.128640000 368.1
48.66253300 6.128465000 368.3
48.66200200 6.128313000 368.3
48.65997100 6.125928000 363.0
48.65970100 6.125288000 360.7
48.65945900 6.125177000 359.7
48.65932200 6.125253000 359.4
48.65918100 6.125299000 359.0
48.65901600 6.125465000 358.7
48.65866800 6.125630000 358.3
48.65847500 6.125665000 358.3
48.65814300 6.125763000 358.4
48.65749100 6.126066000 357.2
48.65692500 6.126383000 354.5
48.65652900 6.126637000 351.0
48.65635900 6.126671000 349.5
48.65609000 6.126629000 347.9
48.65569500 6.126433000 345.8
48.65518900 6.126207000 344.1
48.65508700 6.126087000 343.9
48.65510700 6.126204000 344.2
48.65422200 6.126285000 345.2
48.65395500 6.126293000 345.3
48.65359500 6.126202000 345.8
48.65326900 6.126183000 347.3
48.65304200 6.126147000 348.2
48.65270700 6.126020000 350.4
48.65255400 6.125864000 351.0
48.65237500 6.125742000 351.6
48.65188100 6.125018000 351.6
48.65160200 6.124719000 352.9
48.65140700 6.124599000 353.9
48.65115700 6.124361000 354.8
48.65108100 6.124247000 355.1
48.65082700 6.123967000 357.0
48.65045200 6.123634000 361.3
48.65015600 6.123137000 361.9
48.65010400 6.122974000 361.7
48.64987800 6.122744000 361.6
48.64933300 6.122617000 363.4
48.64894300 6.122650000 366.6
48.64850100 6.123003000 370.9
48.64810200 6.123218000 372.3
48.64711300 6.123567000 372.8
48.64667400 6.123929000 374.2
48.64610000 6.124806000 376.7
48.64577700 6.125240000 381.6
48.64535400 6.124919000 384.5
48.64502600 6.124476000 385.3
48.64493700 6.124471000 386.1
48.64402800 6.125137000 390.9
48.64378000 6.125252000 390.8
48.64273600 6.126249000 387.0
48.64250000 6.126391000 386.9
48.64228700 6.126570000 387.1
48.64210600 6.126695000 387.5
48.64182700 6.126940000 388.1
48.64108700 6.127228000 389.3
48.64059900 6.127548000 389.2
48.63987900 6.128298000 386.8
48.63977300 6.128350000 386.3
48.63933000 6.128240000 385.4
48.63922500 6.128240000 385.2
48.63869800 6.127965000 385.4
48.63845700 6.127716000 384.1
48.63803400 6.127470000 381.4
48.63786700 6.127342000 380.5
48.63768300 6.127176000 379.8
48.63765200 6.127100000 379.7
48.63757000 6.127369000 379.3
48.63749200 6.127462000 379.0
48.63720500 6.127651000 378.1
48.63713500 6.127651000 377.8
48.63674000 6.127332000 374.3
48.63633700 6.127032000 374.0
48.63587500 6.126702000 374.0
48.63557500 6.126534000 374.7
48.63461300 6.125804000 372.4
48.63438000 6.125602000 370.8
48.63428300 6.125498000 370.3
48.63417700 6.125438000 368.9
48.63381300 6.125092000 367.0
48.63348200 6.124587000 367.9
48.63328500 6.124174000 368.7
48.63298400 6.123781000 368.8
48.63282200 6.123624000 367.3
48.63246500 6.123166000 364.9
48.63214400 6.122660000 363.6
48.63205300 6.122396000 364.2
48.63189000 6.122247000 360.5
48.63162400 6.121729000 356.2
48.63152200 6.121174000 357.9
48.63063500 6.119017000 353.8
48.63042100 6.118338000 353.1
48.63020000 6.117774000 350.6
48.63010200 6.117138000 351.3
48.63005600 6.116988000 350.7
48.62999000 6.116869000 349.4
48.62992400 6.116430000 349.7
48.62986300 6.115635000 349.0
48.62973600 6.114576000 344.6
48.62978300 6.114312000 346.7
48.62976500 6.113814000 347.5
48.62967700 6.113121000 346.9
48.62953700 6.112423000 343.9
48.62971200 6.111544000 348.4
48.62974300 6.111241000 349.0
48.62989700 6.111061000 352.1
48.63002500 6.110874000 354.5
48.63100100 6.110799000 369.1
48.63103100 6.110668000 368.6
48.63091900 6.110664000 367.6
48.63051100 6.110425000 362.8
48.63008500 6.110382000 353.6
48.62999300 6.110308000 350.5
48.62979500 6.110225000 344.7
48.62970300 6.110239000 342.7
48.62957200 6.110414000 341.6
48.62939400 6.110571000 337.3
48.62915700 6.110612000 330.9
48.62896500 6.110410000 324.1
48.62867900 6.110324000 315.0
48.62863500 6.110247000 312.9
48.62859200 6.109893000 307.3
48.62871800 6.109459000 305.5
48.62880300 6.108860000 303.9
48.62895100 6.108814000 306.9
48.62916400 6.108653000 309.9
48.62940000 6.108246000 310.6
48.62967500 6.107923000 312.5
48.63030100 6.107730000 319.9
48.63057900 6.107777000 323.6
48.63079000 6.107756000 325.3
48.63115800 6.107522000 327.9
48.63129000 6.107423000 329.7
48.63145800 6.107370000 333.6
48.63163200 6.107390000 337.7
48.63186800 6.107848000 339.5
48.63221500 6.108002000 345.8
48.63234500 6.108405000 348.0
48.63225500 6.109217000 351.7
48.63233700 6.109309000 353.7
48.63253500 6.109267000 355.1
48.63260600 6.109237000 355.6
48.63253600 6.109141000 353.9
48.63244700 6.108958000 350.8
48.63229500 6.108573000 346.3
48.63200600 6.108173000 341.1
48.63173200 6.107249000 340.9
48.63157800 6.106919000 339.1
48.63142400 6.106529000 338.5
48.63123900 6.106166000 337.0
48.63099900 6.105954000 334.5
48.63073400 6.105559000 333.3
48.63065100 6.105289000 335.7
48.63023100 6.104687000 339.6
48.63008600 6.104563000 339.6
48.62990500 6.104483000 338.5
48.62939200 6.104158000 339.0
48.62908900 6.104070000 337.4
48.62894200 6.103896000 339.1
48.62886500 6.103528000 345.3
48.62883200 6.103233000 350.8
48.62835200 6.103009000 350.0
48.62802400 6.102839000 349.5
48.62728300 6.102533000 349.7
48.62678300 6.102396000 346.1
48.62655200 6.102501000 341.3
48.62631200 6.102517000 337.7
48.62604000 6.102340000 333.6
48.62591100 6.101973000 334.6
48.62585200 6.101336000 339.6
48.62574100 6.100896000 339.8
48.62540400 6.099805000 334.2
48.62529500 6.099253000 332.1
48.62535300 6.098787000 334.1
48.62543200 6.098579000 335.8
48.62575300 6.098528000 343.1
48.62592600 6.098854000 349.0
48.62628900 6.098908000 358.0
48.62780400 6.098635000 367.7
48.62848600 6.098107000 362.4
48.62873500 6.098040000 362.6
48.62959200 6.097432000 355.5
48.62990600 6.097086000 353.9
48.63000200 6.096753000 349.7
48.63013100 6.096408000 346.8
48.63027100 6.095953000 344.1
48.63056100 6.095397000 343.3
48.63075100 6.095318000 345.6
48.63123100 6.095211000 352.0
48.63145500 6.095140000 351.8
48.63168500 6.094993000 349.9
48.63197800 6.094939000 349.9
48.63271700 6.095171000 357.4
48.63336800 6.095196000 359.9
48.63396900 6.095009000 357.6
48.63428700 6.095142000 361.9
48.63481300 6.095228000 366.6
48.63528400 6.095250000 370.6
48.63539000 6.095158000 369.5
48.63536000 6.094515000 355.8
48.63513400 6.094318000 349.5
48.63467100 6.094068000 341.5
48.63448300 6.093940000 338.4
48.63411000 6.093404000 328.6
48.63378300 6.093012000 321.6
48.63327300 6.092665000 313.7
48.63308000 6.092464000 310.1
48.63286800 6.092071000 304.8
48.63281800 6.091796000 305.5
48.63257300 6.091355000 303.9
48.63249000 6.091117000 304.3
48.63249600 6.090817000 307.6
48.63256200 6.090700000 310.0
48.63219800 6.090445000 305.9
48.63165300 6.089906000 309.4
48.63129400 6.089602000 310.3
48.63118400 6.089539000 310.1
48.63105200 6.089355000 312.1
48.63084500 6.089132000 313.6
48.63074400 6.089080000 313.1
48.63056300 6.088746000 316.4
48.63040700 6.088507000 319.7
48.62835400 6.087717000 311.7
48.62783300 6.087470000 310.5
48.62722700 6.087261000 310.1
48.62680200 6.086970000 310.2
48.62651400 6.086713000 309.7
48.62613600 6.086441000 307.5
48.62596100 6.086295000 306.4
48.62548800 6.086040000 301.0
48.62536900 6.085787000 300.5
48.62530100 6.084769000 299.9
48.62534100 6.084473000 299.1
48.62534600 6.084534000 299.7
48.62529500 6.084535000 299.0
48.62521500 6.084441000 297.3
48.62533400 6.083964000 295.0
48.62563400 6.083498000 291.7
48.62580500 6.083496000 293.0
48.62649900 6.082843000 289.6
48.62721600 6.082125000 286.1
48.62768500 6.081717000 289.4
48.62810200 6.081473000 292.3
48.62923500 6.080352000 296.8
48.62941100 6.080014000 298.7
48.62939400 6.079754000 298.4
48.62931400 6.079405000 298.0
48.62917800 6.078652000 299.4
48.62878400 6.077841000 297.3
48.62858600 6.077056000 300.5
48.62849700 6.076291000 301.2
48.62858900 6.074828000 303.6
48.62872300 6.074522000 305.3
48.62937500 6.074098000 310.9
48.62987300 6.073994000 316.2
48.63012700 6.073895000 318.7
48.63037100 6.073704000 319.9
48.63053200 6.073644000 322.0
48.63115100 6.073495000 332.6
48.63148400 6.073374000 336.8
48.63217900 6.073248000 345.4
48.63260200 6.073191000 346.4
48.63320600 6.073214000 350.1
48.63364200 6.073274000 354.1
48.63415000 6.073287000 361.5
48.63430900 6.073276000 364.0
48.63444500 6.073316000 366.3
48.63481100 6.073588000 370.8
48.63516000 6.073818000 373.2
48.63535900 6.074042000 374.4
48.63577100 6.074445000 374.7
48.63671900 6.075669000 376.2
48.63696300 6.075922000 376.3
48.63735900 6.076804000 380.9
48.63771600 6.077537000 383.2
48.63787000 6.077990000 384.5
48.63811700 6.079098000 389.6
48.63808400 6.079782000 392.2
48.63802200 6.080085000 393.0
48.63805900 6.080306000 393.4
48.63783000 6.080509000 394.1
48.63779500 6.080664000 394.2
48.63793900 6.081924000 395.8
48.63805400 6.083104000 395.0
48.63812200 6.083400000 396.1
48.63863700 6.083311000 396.7
48.63912900 6.083182000 397.9
48.63955800 6.083023000 399.0
48.63993700 6.082903000 401.1
48.64080900 6.082663000 406.1
48.64153200 6.082362000 409.8
48.64181000 6.082281000 411.7
48.64213000 6.082130000 413.2
48.64233700 6.082101000 413.1
48.64259600 6.082036000 412.9
48.64293100 6.081913000 412.3
48.64318300 6.081800000 410.8
48.64364800 6.081687000 408.1
48.64376100 6.081734000 407.8
48.64393900 6.082585000 410.4
48.64409400 6.083188000 412.0
48.64423100 6.084262000 415.4
48.64411800 6.084476000 416.9
48.64408700 6.084647000 417.8
48.64432000 6.085325000 418.0
48.64450200 6.085758000 416.2
48.64460600 6.086250000 414.9
48.64499600 6.087129000 411.5
48.64500500 6.087459000 411.0
48.64531400 6.088037000 409.2
48.64583700 6.089481000 404.9
48.64597000 6.089803000 404.0
48.64652000 6.090993000 398.8
48.64663600 6.091306000 397.1
48.64669400 6.091674000 395.0
48.64701700 6.092327000 392.0
48.64726300 6.092969000 392.2
48.64756200 6.093883000 390.6
48.64764100 6.094167000 390.0
48.64785100 6.094649000 389.2
48.64799300 6.094958000 389.4
48.64836300 6.094606000 389.0
48.64854400 6.094300000 389.3
48.64860200 6.094125000 389.5
48.64871100 6.093985000 389.7
48.64891400 6.093036000 393.2
48.64911800 6.092598000 394.7
48.64912900 6.092492000 394.9
48.64923400 6.092125000 395.7
48.64948300 6.091723000 396.6
48.64988400 6.090448000 399.7
48.65009200 6.088413000 400.1
48.65007900 6.087843000 399.6
48.64991300 6.087427000 399.0
48.64985800 6.087110000 398.4
48.64975700 6.086769000 399.2
48.64962800 6.086133000 400.7
48.64954400 6.085948000 400.9
48.64921700 6.085565000 402.0
48.64884800 6.083738000 397.9
48.64896000 6.083199000 396.6
48.64895800 6.083015000 396.2
48.64884900 6.082722000 395.8
48.64855800 6.082334000 395.2
48.64816100 6.081537000 392.5
48.64799800 6.081251000 391.2
48.64740500 6.080511000 389.1
48.64713200 6.080136000 388.4
48.64689900 6.079942000 389.5
48.64684800 6.079844000 389.7
48.64663600 6.079594000 390.1
48.64641600 6.079390000 390.2
48.64601300 6.078777000 389.7
48.64576600 6.078487000 388.5
48.64551500 6.078039000 385.2
48.64541100 6.077816000 383.8
48.64520500 6.077573000 382.9
48.64497500 6.077142000 380.7
48.64445100 6.076342000 377.2
48.64366100 6.074188000 370.6
48.64372600 6.074218000 370.9
48.64381600 6.073962000 371.3
48.64406800 6.073367000 372.3
48.64422600 6.072796000 372.3
48.64429100 6.072674000 372.1
48.64478600 6.072209000 371.7
48.64491100 6.072020000 371.2
48.64503900 6.071877000 370.8
48.64524700 6.071728000 370.3
48.64536800 6.071564000 369.5
48.64548900 6.071337000 368.7
48.64558600 6.071221000 368.6
48.64562100 6.071005000 368.3
48.64555300 6.070689000 367.4
48.64543300 6.070546000 366.4
48.64521600 6.069951000 365.2
48.64485100 6.069107000 361.5
48.64472300 6.068588000 358.6
48.64453100 6.067697000 355.1
48.64437400 6.067161000 353.6
48.64403600 6.066240000 349.8
48.64353500 6.065130000 345.8
48.64312800 6.064469000 343.6
48.64286700 6.064301000 339.4
48.64275300 6.064008000 337.9
48.64239900 6.062572000 338.0
48.64195800 6.061806000 334.7
48.64174300 6.061335000 331.8
48.64177400 6.061128000 333.7
48.64214000 6.060610000 344.7
48.64253700 6.059898000 350.8
48.64345700 6.058567000 358.5
48.64347500 6.058473000 358.6
48.64335000 6.058274000 358.1
48.64280600 6.057722000 356.3
48.64145100 6.056278000 350.7
48.64119000 6.056069000 349.7
48.64096100 6.055852000 348.0
48.64089000 6.055547000 349.1
48.64144400 6.054880000 352.4
48.64174900 6.054547000 351.8
48.64231500 6.054050000 350.0
48.64260800 6.053854000 349.0
48.64277600 6.053852000 348.7
48.64299700 6.053780000 348.2
48.64396800 6.053589000 349.2
48.64410400 6.053495000 349.4
48.64435200 6.053445000 350.1
48.64479900 6.053276000 352.0
48.64507000 6.053196000 353.9
48.64554700 6.052988000 356.8
48.64621200 6.052962000 359.9
48.64639200 6.053013000 359.9
48.64661400 6.053098000 359.7
48.64676900 6.053181000 359.6
48.64716800 6.053229000 358.7
48.64773400 6.053382000 356.6
48.64793600 6.053399000 355.8
48.64824600 6.053477000 354.0
48.64841500 6.053503000 352.9
48.64877500 6.053500000 350.2
48.64900000 6.053399000 348.2
48.64979200 6.053284000 342.2
48.65005000 6.053209000 340.4
48.65066400 6.053095000 336.7
48.65128700 6.052849000 332.5
48.65180100 6.052678000 330.2
48.65182400 6.052491000 329.4
48.65162400 6.051730000 326.8
48.65154900 6.051525000 325.7
48.65149300 6.050998000 323.1
48.65139500 6.050698000 320.7
48.65131400 6.050383000 317.9
48.65128700 6.050159000 316.5
48.65129100 6.049922000 315.5
48.65115500 6.048805000 311.4
48.65106900 6.048322000 309.8
48.65076800 6.047510000 303.0
48.64985500 6.043481000 273.7
48.65007400 6.043254000 276.4
48.65017900 6.043111000 276.3
48.65052300 6.042723000 275.5
48.65112800 6.042388000 282.2
48.65159900 6.041994000 284.4
48.65172800 6.041909000 285.8
48.65195800 6.041721000 287.4
48.65221900 6.041494000 287.9
48.65274800 6.041152000 294.0
48.65294800 6.041134000 298.2
48.65324000 6.040956000 297.2
48.65341900 6.040235000 289.1
48.65372100 6.039845000 288.6
48.65394000 6.039483000 285.9
48.65427500 6.039118000 283.7
48.65441200 6.038990000 283.6
48.65465700 6.038639000 281.8
48.65481300 6.038316000 278.5
48.65502500 6.038068000 278.4
48.65525000 6.037868000 279.9
48.65535800 6.037587000 277.1
48.65609400 6.036342000 269.8
48.65625200 6.036237000 272.7
48.65630800 6.036376000 273.2
48.65641000 6.036486000 272.8
48.65658900 6.036776000 274.6
48.65685300 6.037318000 280.8
48.65711900 6.037821000 286.2
48.65737500 6.038049000 285.5
48.65768400 6.038425000 286.6
48.65830000 6.039490000 290.9
48.65861200 6.040167000 291.9
48.65882100 6.040998000 294.2
48.65885200 6.041752000 298.4
48.65871900 6.042228000 302.9
48.65851400 6.042681000 307.2
48.65828500 6.042924000 311.0
48.65805700 6.043262000 313.6
48.65769200 6.043954000 316.6
48.65747300 6.044172000 317.9
48.65725100 6.044516000 319.1
48.65721000 6.044658000 319.0
48.65733400 6.044675000 318.2
48.65765200 6.044581000 316.6
48.65794900 6.044558000 314.4
48.65827400 6.044412000 309.2
48.65859100 6.044338000 304.5
48.65872500 6.044201000 303.6
48.65909500 6.043731000 299.6
48.65928900 6.043394000 295.8
48.65962800 6.042856000 289.4
48.65985000 6.042651000 281.6
48.66003600 6.042539000 275.3
48.66022200 6.042389000 269.1
48.66031200 6.042460000 266.1
48.66053600 6.043821000 266.0
48.66070100 6.044317000 269.4
48.66088900 6.044752000 269.7
48.66101500 6.044933000 268.5
48.66112300 6.044988000 266.8
48.66158400 6.045638000 270.9
48.66177200 6.046004000 272.4
48.66203700 6.046729000 272.5
48.66236000 6.047546000 279.8
48.66256900 6.048538000 283.9
48.66238200 6.049338000 287.7
48.66235400 6.049570000 288.4
48.66216800 6.050008000 287.4
48.66184200 6.050273000 288.8
48.66138000 6.050729000 291.0
48.66104800 6.050984000 292.8
48.66050300 6.051519000 296.8
48.66024400 6.052005000 296.8
48.66021100 6.053307000 298.0
48.66038400 6.053808000 295.4
48.66067000 6.054555000 301.8
48.66063700 6.055395000 305.1
48.66100500 6.057098000 307.4
48.66139300 6.058290000 315.5
48.66174300 6.058753000 320.4
48.66212900 6.059603000 323.9
48.66232500 6.059994000 328.7
48.66261600 6.060782000 334.2
48.66328100 6.062863000 345.4
48.66358000 6.063483000 349.1
48.66381200 6.064072000 352.0
48.66480100 6.066820000 361.2
48.66528000 6.067994000 363.2
48.66545300 6.068591000 364.1
48.66563300 6.069063000 365.0
48.66583900 6.069201000 366.0
48.66669400 6.069322000 368.1
48.66677900 6.069562000 367.7
48.66705200 6.071256000 366.9
48.66715000 6.073284000 367.4
48.66724900 6.076087000 371.8
48.66733600 6.077027000 373.5
48.66738000 6.078673000 372.2
48.66745600 6.079636000 371.7
48.66745100 6.080015000 371.6
48.66738900 6.080366000 371.2
48.66734800 6.080406000 370.9
48.66724700 6.080315000 370.2
48.66725400 6.080436000 370.1
48.66720400 6.080414000 369.9
48.66729300 6.080547000 370.0
48.66734900 6.081258000 367.2
48.66740300 6.081604000 365.9
48.66770100 6.082035000 364.7
48.66816500 6.082805000 362.4
48.66856100 6.083403000 362.0
48.66874600 6.083821000 361.7
48.66929800 6.084645000 358.0
48.66948300 6.085107000 355.5
48.66951700 6.085878000 351.1
48.66962200 6.086540000 348.5
48.66961100 6.087065000 347.2
48.66978100 6.087205000 347.1
48.66987600 6.087257000 347.2
48.67014500 6.087485000 347.1
48.67034700 6.087635000 347.3
48.67063700 6.087635000 347.9
48.67083600 6.087714000 347.7
48.67095300 6.087721000 347.9
48.67101500 6.087328000 348.9
48.67122700 6.086503000 348.4
48.67123300 6.086223000 348.1
48.67132000 6.085603000 348.0
48.67155300 6.084655000 350.1
48.67166900 6.084560000 350.1
48.67204100 6.085070000 348.5
48.67250700 6.085621000 346.2
48.67279300 6.086007000 343.2
48.67345200 6.086953000 336.7
48.67391700 6.087376000 330.8
48.67418600 6.087189000 333.4
48.67534400 6.086918000 338.0
48.67579500 6.086831000 335.4
48.67623600 6.086471000 334.3
48.67641000 6.086389000 332.9
48.67661100 6.086100000 332.6
48.67693900 6.085983000 329.8
48.67762000 6.085808000 327.8
48.67775300 6.085800000 327.4
48.67797000 6.085728000 327.3
48.67824100 6.085764000 324.9
48.67849800 6.085741000 323.3
48.67868800 6.085813000 321.2
48.67882200 6.085713000 321.5
48.67906700 6.085636000 321.1
48.67950500 6.085460000 320.9
48.67979900 6.085412000 319.5
48.68015000 6.085499000 316.2
48.68057300 6.085191000 313.6
48.68064900 6.085403000 311.2
48.68059700 6.085787000 310.5
48.68023200 6.086144000 309.8
48.67961900 6.086907000 310.5
48.67953200 6.087138000 310.9
48.67938200 6.087941000 321.8
48.67928900 6.088083000 324.8
48.67912600 6.088318000 329.7
48.67850800 6.088473000 335.7
48.67818300 6.088666000 339.0
48.67803800 6.088820000 340.8
48.67783700 6.089200000 342.0
48.67762700 6.089819000 343.6
48.67720000 6.090021000 344.4
48.67649900 6.090224000 344.8
48.67539100 6.090509000 349.1
48.67477900 6.090764000 348.8
48.67467300 6.090934000 349.5
48.67441900 6.092825000 349.5
48.67419800 6.095188000 349.6
48.67413100 6.096512000 350.1
48.67406300 6.096583000 350.2
48.67389100 6.096626000 350.7
48.67378900 6.096989000 350.9
48.67375300 6.097429000 349.7
48.67375400 6.097701000 348.8
48.67389500 6.099066000 343.4
48.67394600 6.099422000 343.0
48.67391200 6.099736000 342.7
48.67395900 6.099977000 342.5
48.67406100 6.101494000 341.0
48.67427300 6.103766000 343.5
48.67438800 6.104627000 343.8
48.67434200 6.105172000 345.1
48.67397600 6.105413000 346.5
48.67304100 6.105702000 349.1
48.67191800 6.105848000 353.1
48.67166900 6.105960000 354.4
48.67138500 6.106136000 355.6
48.67126900 6.106365000 355.7
48.67116600 6.106772000 355.8
48.67115600 6.107456000 354.5
48.67123000 6.107968000 353.0
48.67130600 6.109768000 348.2
48.67124100 6.110196000 346.8
48.67079500 6.110517000 345.5
48.67018200 6.110762000 344.0
48.66975700 6.110871000 343.1
48.66933700 6.111016000 342.5
48.66932900 6.111110000 342.3
48.66938400 6.111370000 341.8
48.66940900 6.111601000 341.4
48.66944100 6.112415000 339.1
48.66955000 6.112944000 336.3
48.66949600 6.113676000 334.0
48.66957500 6.114564000 331.1
48.66930400 6.115105000 328.9
48.66888800 6.115443000 329.2
48.66868700 6.116423000 332.8
48.66874800 6.116787000 335.5
48.66878000 6.117362000 340.0
48.66895700 6.118089000 344.7
48.66896800 6.118456000 346.1
48.66909400 6.119653000 348.3
48.66911300 6.120253000 349.4
48.66907200 6.120588000 350.3
48.66918100 6.121083000 351.0
48.66942800 6.121023000 350.0
48.66956300 6.120886000 349.2
48.66963900 6.120901000 349.0
48.67007700 6.120886000 347.9
48.67044600 6.120894000 347.0
48.67062600 6.120840000 346.9
48.67088700 6.120869000 346.8
48.67102300 6.120666000 346.2
48.67115200 6.120385000 345.2
48.67145100 6.120142000 345.6
48.67164400 6.119854000 346.3
48.67189000 6.119743000 347.8
48.67195700 6.119776000 348.4
48.67220700 6.119750000 349.3
48.67247700 6.119936000 349.7
48.67277500 6.119892000 349.9
48.67301500 6.119963000 350.0
48.67341200 6.120326000 350.9
48.67367600 6.120606000 351.6
48.67386400 6.121332000 350.4
48.67396300 6.121563000 349.7
48.67424600 6.121568000 348.9
48.67468200 6.121463000 347.7
48.67521100 6.121364000 345.9
48.67534700 6.121635000 346.1
48.67547800 6.121621000 345.8
48.67564300 6.121477000 345.3
48.67575800 6.121503000 345.3
48.67637000 6.121316000 344.1
48.67664100 6.121295000 343.7
48.67673300 6.121447000 344.1
48.67694300 6.121443000 343.9
48.67725400 6.121465000 343.5
48.67735300 6.121429000 343.1
48.67751300 6.121574000 343.5
48.67775300 6.122012000 345.6
48.67830000 6.123140000 349.3
48.67849500 6.123664000 349.9
48.67871700 6.124338000 350.7
48.67938500 6.125996000 352.2
48.67951800 6.126047000 352.1
48.67959100 6.126005000 352.0
48.67966500 6.125918000 352.2
48.67983600 6.125805000 352.6
48.68006400 6.125568000 353.2
48.68026200 6.125604000 353.6
48.68077500 6.125656000 353.4
48.68097400 6.125565000 353.2
48.68140100 6.125759000 351.9
48.68163200 6.125843000 350.9
48.68181000 6.125936000 350.3
48.68195800 6.126148000 350.1
48.68315300 6.127383000 347.0
48.68373300 6.127943000 344.9
48.68434700 6.128695000 343.0
48.68452900 6.128832000 342.5
48.68477600 6.128684000 342.7
48.68565900 6.128093000 344.0
48.68661300 6.127759000 344.5
48.68768500 6.127248000 347.2
48.68780700 6.127260000 347.3
48.68794200 6.127378000 346.9
48.68800600 6.127882000 345.1
48.68767200 6.129117000 340.8
