51.92223400 4.461254000 -13.2
51.92223100 4.461254000 -13.2
51.92221300 4.461222000 -13.6
51.92217900 4.461063000 -14.2
51.92216300 4.460980000 -13.6
51.92214400 4.460886000 -13.6
51.92209700 4.460681000 -13.6
51.92207700 4.460574000 -13.6
51.92196600 4.460050000 -14.8
51.92179000 4.459054000 -15.0
51.92173800 4.458691000 -14.8
51.92168200 4.458329000 -14.8
51.92154200 4.457219000 -14.8
51.92152500 4.457103000 -14.6
51.92143200 4.456406000 -14.8
51.92140200 4.455269000 -14.6
51.92141800 4.455174000 -14.6
51.92138800 4.454818000 -14.6
51.92130300 4.454681000 -14.4
51.92104900 4.453853000 -14.0
51.92098500 4.453636000 -13.8
51.92086400 4.453063000 -14.0
51.92084400 4.452947000 -14.0
51.92066900 4.452020000 -14.2
51.92036800 4.450763000 -14.6
51.92014400 4.449866000 -14.4
51.91994300 4.449041000 -14.0
51.91978100 4.448479000 -13.8
51.91974200 4.448261000 -13.8
51.91960200 4.448115000 -13.8
51.91948100 4.448056000 -13.8
51.91928100 4.447792000 -13.8
51.91919800 4.447621000 -13.8
51.91896300 4.447119000 -13.4
51.91861000 4.446525000 -12.4
51.91856200 4.446468000 -12.2
51.91831600 4.446185000 -11.6
51.91820700 4.446070000 -11.2
51.91805700 4.445850000 -10.8
51.91782300 4.445478000 -10.6
51.91764500 4.445357000 -10.2
51.91741600 4.445216000 -9.8
51.91707400 4.444995000 -9.0
51.91690500 4.444876000 -8.8
51.91686000 4.444796000 -8.8
51.91673600 4.444419000 -8.0
51.91648800 4.443593000 -7.6
51.91633400 4.443085000 -7.8
51.91623100 4.442735000 -7.6
51.91610600 4.442473000 -7.8
51.91584800 4.441690000 -8.2
51.91556900 4.440805000 -9.4
51.91527400 4.439954000 -9.6
51.91498100 4.439081000 -9.6
51.91459600 4.437988000 -9.8
51.91439800 4.437418000 -10.0
51.91413400 4.436639000 -10.0
51.91385600 4.435727000 -9.6
51.91369000 4.435175000 -9.4
51.91346300 4.434369000 -9.2
51.91326300 4.433586000 -9.2
51.91314600 4.433155000 -9.0
51.91312000 4.433053000 -9.0
51.91313400 4.432377000 -8.0
51.91329000 4.431524000 -7.0
51.91335600 4.431119000 -6.8
51.91342700 4.430878000 -4.4
51.91343100 4.430839000 -4.4
51.91343700 4.430788000 -4.4
51.91344900 4.430665000 -4.4
51.91345600 4.430586000 -4.4
51.91346600 4.430493000 -4.4
51.91351000 4.430155000 -4.6
51.91352800 4.430028000 -4.8
51.91355600 4.429755000 -5.0
51.91354600 4.429307000 -6.0
51.91353200 4.429005000 -6.8
51.91352200 4.428699000 -7.0
51.91354200 4.427062000 -7.8
51.91359600 4.426077000 -8.2
51.91365900 4.425091000 -7.8
51.91377300 4.423236000 -7.6
51.91383700 4.422227000 -8.2
51.91389400 4.421237000 -8.4
51.91397700 4.419839000 -8.0
51.91404500 4.418866000 -8.2
51.91410700 4.417865000 -7.8
51.91423100 4.415874000 -7.8
51.91429200 4.414892000 -8.0
51.91434500 4.413924000 -8.0
51.91442200 4.412388000 -7.4
51.91440700 4.411691000 -7.4
51.91448700 4.410710000 -8.2
51.91456300 4.409674000 -8.4
51.91460600 4.409340000 -8.4
51.91464000 4.409118000 -7.8
51.91465800 4.409013000 -6.0
51.91469000 4.408598000 -5.6
51.91475400 4.407851000 -5.8
51.91485100 4.406234000 -7.4
51.91488600 4.405604000 -7.6
51.91493000 4.404695000 -7.8
51.91497500 4.403844000 -8.0
51.91486900 4.403058000 -7.4
51.91481100 4.402896000 -7.0
51.91455900 4.402119000 -6.2
51.91447300 4.401861000 -6.2
51.91444000 4.401774000 -6.2
51.91390000 4.401469000 -6.6
51.91350500 4.400750000 -7.4
51.91341100 4.400574000 -7.6
51.91317500 4.400174000 -8.2
51.91300700 4.399905000 -8.4
51.91259900 4.399336000 -8.8
51.91257300 4.398925000 -9.0
51.91275000 4.398560000 -9.2
51.91310100 4.397968000 -10.0
51.91333700 4.397377000 -10.6
51.91321500 4.397175000 -10.6
51.91312400 4.397005000 -10.6
51.91275600 4.396464000 -10.6
51.91256200 4.396171000 -11.0
51.91220500 4.395553000 -11.4
51.91170100 4.393734000 -11.8
51.91152300 4.392841000 -11.8
51.91139200 4.391889000 -11.8
51.91130500 4.390381000 -11.8
51.91128100 4.389441000 -11.6
51.91133500 4.388512000 -11.6
51.91142000 4.386974000 -10.2
51.91145900 4.386088000 -9.8
51.91147800 4.385597000 -9.8
51.91154400 4.384418000 -8.0
51.91170000 4.383697000 -8.0
51.91166600 4.383220000 -7.8
51.91157000 4.381845000 -7.8
51.91149200 4.380969000 -7.8
51.91137800 4.380092000 -7.8
51.91121300 4.379203000 -7.6
51.91122400 4.379123000 -7.4
51.91126500 4.379027000 -7.2
51.91125800 4.378957000 -4.6
51.91118800 4.378714000 -4.8
51.91107900 4.378410000 -4.8
51.91081400 4.377462000 -6.6
51.91074800 4.377228000 -7.0
51.91072500 4.377104000 -7.2
51.91044200 4.376026000 -7.4
51.91020200 4.375204000 -7.2
51.91014100 4.374993000 -7.2
51.91002600 4.374759000 -5.4
51.91000100 4.374785000 -3.6
51.90998100 4.374799000 -3.8
51.90983000 4.374927000 -4.0
51.90975900 4.374960000 -4.0
51.90968400 4.374817000 -4.0
51.90955900 4.374403000 -4.2
51.90945700 4.374097000 -4.2
51.90933800 4.373755000 -4.4
51.90897500 4.372479000 -5.8
51.90894600 4.372341000 -6.0
51.90879200 4.371485000 -6.8
51.90865700 4.370259000 -8.6
51.90862200 4.369799000 -9.6
51.90862500 4.369356000 -10.0
51.90861900 4.367823000 -9.0
51.90863600 4.367321000 -8.6
51.90868600 4.366832000 -7.4
51.90883400 4.366015000 -5.2
51.90884900 4.365920000 -5.2
51.90887900 4.365727000 -5.0
51.90941000 4.365064000 -5.0
51.90952400 4.364517000 -5.8
51.90971500 4.363756000 -6.4
51.90999900 4.363048000 -9.2
51.91011500 4.362788000 -10.8
51.91023400 4.362532000 -12.2
51.91083900 4.361028000 -13.2
51.91087200 4.360910000 -13.2
51.91093900 4.360616000 -12.8
51.91122100 4.360528000 -11.4
51.91112400 4.359391000 -10.6
51.91103300 4.358788000 -10.6
51.91086500 4.357648000 -9.4
51.91082000 4.357316000 -8.6
51.91082000 4.357203000 -8.0
51.91110500 4.356272000 -7.6
51.91150100 4.355573000 -7.6
51.91189300 4.354880000 -7.8
51.91264600 4.353630000 -7.8
51.91274700 4.353461000 -7.8
51.91276100 4.353444000 -7.8
51.91640400 4.333559000 -12.6
51.91663500 4.332687000 -12.6
51.91679700 4.332040000 -12.6
51.91683200 4.331463000 -12.6
51.91687600 4.331408000 -12.6
51.91688200 4.331400000 -12.2
51.91690700 4.331309000 -10.2
51.91696100 4.330853000 -10.0
51.91691600 4.330359000 -10.4
51.91688300 4.329399000 -11.6
51.91687000 4.329016000 -12.8
51.91683900 4.328100000 -13.4
51.91692100 4.326243000 -13.8
51.91697300 4.325306000 -13.8
51.91709300 4.324388000 -13.6
51.91731900 4.322587000 -13.4
51.91742100 4.321662000 -13.8
51.91745500 4.321392000 -14.0
51.91769500 4.319523000 -14.2
51.91781300 4.318639000 -13.8
51.91793300 4.317732000 -13.4
51.91777400 4.317213000 -13.2
51.91773200 4.316894000 -13.2
51.91774300 4.316788000 -13.2
51.91787600 4.315704000 -13.0
51.91799100 4.314810000 -13.4
51.91811100 4.313892000 -13.6
51.91831000 4.312124000 -14.0
51.91844700 4.311160000 -13.2
51.91849800 4.310803000 -12.8
51.91832700 4.310408000 -12.2
51.91828700 4.309940000 -12.2
51.91832500 4.309491000 -12.6
51.91828400 4.307737000 -13.0
51.91827600 4.307374000 -13.0
51.91797600 4.306952000 -13.2
51.91767400 4.306776000 -13.4
51.91719000 4.306366000 -13.4
51.91707400 4.305740000 -13.4
51.91698500 4.304768000 -13.2
51.91670900 4.303872000 -13.4
51.91642500 4.302979000 -13.8
51.91600400 4.302317000 -13.8
51.91548600 4.301960000 -13.8
51.91504500 4.301648000 -14.4
51.91431700 4.301153000 -14.8
51.91377100 4.300772000 -15.0
51.91304300 4.299757000 -15.2
51.91315600 4.299317000 -15.2
51.91347000 4.298516000 -15.2
51.91396300 4.296896000 -15.6
51.91418100 4.296038000 -15.2
51.91430900 4.295507000 -15.2
51.91362800 4.294725000 -14.4
51.91340500 4.294499000 -13.6
51.91298100 4.294030000 -13.2
51.91187000 4.293090000 -10.8
51.91163300 4.292919000 -13.6
51.91124100 4.293467000 -14.2
51.91089100 4.293705000 -14.6
51.91082600 4.293642000 -14.6
51.91034000 4.293215000 -14.4
51.91001200 4.292928000 -13.0
51.90996500 4.292886000 -13.0
51.90991200 4.292837000 -12.4
51.90987800 4.292897000 -10.4
51.90986100 4.292992000 -10.4
51.90983700 4.293196000 -10.4
51.90979700 4.293527000 -10.8
51.90976200 4.293827000 -11.2
51.90974600 4.293929000 -11.4
51.90967200 4.294387000 -12.4
51.90961300 4.294755000 -13.2
51.90959400 4.294877000 -13.6
51.90948900 4.295754000 -14.6
51.90944500 4.296142000 -14.6
51.90933400 4.297013000 -14.8
51.90901300 4.297928000 -14.4
51.90871200 4.298282000 -14.2
51.90853700 4.298799000 -13.4
51.90827800 4.300652000 -13.0
51.90817700 4.301419000 -13.0
51.90802100 4.301656000 -12.8
51.90771700 4.302099000 -12.0
51.90759500 4.302506000 -11.8
51.90749500 4.303410000 -12.2
51.90746100 4.304434000 -12.4
51.90705300 4.304532000 -12.2
51.90650600 4.304472000 -12.2
51.90611300 4.305561000 -12.8
51.90592800 4.306412000 -13.0
51.90583800 4.306774000 -13.2
51.90553800 4.307465000 -13.4
51.90535100 4.308352000 -13.8
51.90524800 4.309264000 -13.6
51.90492100 4.311045000 -13.0
51.90475700 4.311919000 -13.2
51.90458900 4.312780000 -12.6
51.90450400 4.313537000 -12.4
51.90448200 4.313852000 -12.2
51.90439400 4.314202000 -12.0
51.90426000 4.314263000 -11.8
51.90419000 4.314328000 -11.2
51.90416200 4.314379000 -10.0
51.90416200 4.314165000 -9.0
51.90403600 4.314047000 -8.0
51.90399300 4.314031000 -8.0
51.90389300 4.314168000 -8.0
51.90386300 4.314236000 -8.0
51.90387600 4.313760000 -8.2
51.90413600 4.312305000 -10.0
51.90432000 4.311370000 -10.6
51.90449600 4.310541000 -10.8
51.90486100 4.308830000 -11.4
51.90497700 4.308343000 -11.4
51.90495400 4.307827000 -11.4
51.90484100 4.307205000 -11.2
51.90476200 4.306839000 -11.0
51.90429400 4.306598000 -11.0
51.90311600 4.306565000 -11.8
51.90252300 4.306657000 -11.0
51.90224800 4.306741000 -9.8
51.90160300 4.306829000 -7.4
51.90131300 4.306670000 -6.4
51.90105000 4.306728000 -5.4
51.90088400 4.306703000 -5.0
51.90077900 4.306610000 -4.6
51.90078900 4.306468000 -4.2
51.90082400 4.305989000 -3.2
51.90090800 4.305110000 -3.6
51.90102200 4.304181000 -3.8
51.90125200 4.302282000 -4.2
51.90134300 4.301418000 -3.8
51.90140800 4.300527000 -3.8
51.90143300 4.298968000 -3.8
51.90130800 4.298076000 -3.4
51.90117100 4.297138000 -3.4
51.90084000 4.295791000 -4.4
51.90068700 4.294985000 -4.6
51.90086200 4.294060000 -5.0
51.90138900 4.292679000 -5.8
51.90173500 4.291926000 -5.8
51.90203500 4.291195000 -5.6
51.90272800 4.289611000 -4.4
51.90303200 4.288883000 -4.8
51.90332300 4.288146000 -4.8
51.90396700 4.286479000 -4.6
51.90416700 4.285947000 -4.6
51.90446000 4.285198000 -4.8
51.90485500 4.284145000 -4.8
51.90494000 4.283946000 -5.0
51.90523800 4.283138000 -4.8
51.90580600 4.281494000 -5.0
51.90603200 4.280833000 -4.8
51.90631000 4.280118000 -4.8
51.90699000 4.278612000 -4.6
51.90720800 4.278076000 -4.4
51.90751700 4.277325000 -4.4
51.90788400 4.276129000 -4.8
51.90791000 4.275899000 -5.0
51.90792400 4.275669000 -5.0
51.90788200 4.275158000 -4.8
51.90780000 4.274774000 -4.0
51.90742000 4.274071000 -4.2
51.90721100 4.273339000 -4.6
51.90722300 4.273133000 -4.6
51.90725600 4.272970000 -4.6
51.90724500 4.272895000 -1.8
51.90725800 4.272862000 -1.8
51.90752300 4.272281000 -1.6
51.90786700 4.271991000 -3.6
51.90800300 4.271739000 -4.8
51.90804900 4.271650000 -5.0
51.90824100 4.271284000 -5.8
51.90863300 4.270520000 -6.2
51.90899000 4.269829000 -6.2
51.90963900 4.268548000 -6.6
51.90968800 4.268451000 -6.8
51.90996600 4.267877000 -7.0
51.91064700 4.266325000 -6.6
51.91082400 4.265919000 -6.8
51.91121300 4.265165000 -7.0
51.91200800 4.263700000 -6.8
51.91237100 4.262927000 -6.4
51.91269200 4.262148000 -6.4
51.91302500 4.261144000 -6.2
51.91304200 4.261060000 -6.2
51.91298300 4.260807000 -5.6
51.91279900 4.260123000 -4.2
51.91256500 4.259533000 -4.0
51.91233300 4.258894000 -4.6
51.91220700 4.258517000 -4.6
51.91229300 4.258219000 -4.8
51.91238200 4.258056000 -4.8
51.91266500 4.257446000 -5.0
51.91271300 4.257370000 -5.0
51.91286100 4.257027000 -5.2
51.91317000 4.255196000 -5.0
51.91320800 4.255077000 -5.8
51.91332700 4.254728000 -7.0
51.91384400 4.253147000 -7.6
51.91410100 4.252278000 -7.4
51.91436100 4.251430000 -6.6
51.91474400 4.250283000 -6.4
51.91482200 4.250096000 -6.4
51.91489200 4.249924000 -6.6
51.91515100 4.249964000 -6.8
51.91528300 4.250119000 -7.0
51.91537700 4.250233000 -7.2
51.91588600 4.250818000 -8.0
51.91609400 4.251035000 -8.0
51.91619800 4.251120000 -8.0
51.91660400 4.251225000 -6.6
51.91685700 4.251126000 -5.4
51.91707500 4.250905000 -5.2
51.91741600 4.250215000 -5.2
51.91751600 4.249967000 -5.4
51.91757700 4.249817000 -5.4
51.91767500 4.249624000 -5.4
51.91773800 4.249520000 -5.2
51.91766800 4.249130000 -4.4
51.91763400 4.248402000 -3.6
51.91773800 4.248171000 -3.6
51.91797100 4.248015000 -3.4
51.91847700 4.246899000 -3.8
51.91857300 4.246658000 -3.6
51.91850200 4.246339000 -3.4
51.91827100 4.245910000 -3.2
51.91808700 4.245472000 -3.4
51.91775900 4.244910000 -4.6
51.91735400 4.244243000 -5.2
51.91706900 4.243862000 -5.0
51.91690800 4.243553000 -4.4
51.91704900 4.243103000 -4.4
51.91718500 4.242806000 -4.8
51.91733200 4.242502000 -5.8
51.91783000 4.241476000 -7.6
51.91821000 4.240808000 -8.0
51.91848700 4.240334000 -8.0
51.91927500 4.239085000 -7.6
51.91968200 4.238489000 -7.4
51.92010100 4.237932000 -8.0
51.92106500 4.236761000 -7.6
51.92155000 4.236201000 -7.6
51.92178300 4.235944000 -8.0
51.92232200 4.235374000 -7.0
51.92280500 4.234856000 -7.0
51.92328000 4.234354000 -7.4
51.92425100 4.233340000 -7.8
51.92475100 4.232813000 -7.4
51.92524300 4.232290000 -7.6
51.92585600 4.231647000 -8.0
51.92633400 4.231141000 -8.2
51.92680700 4.230634000 -7.6
51.92775200 4.229637000 -7.2
51.92822100 4.229123000 -7.2
51.92868600 4.228579000 -7.0
51.92958500 4.227384000 -7.6
51.93001500 4.226766000 -7.2
51.93043200 4.226137000 -7.4
51.93124000 4.224838000 -6.8
51.93149500 4.224414000 -6.8
51.93190000 4.223719000 -6.8
51.93267500 4.222319000 -6.4
51.93303700 4.221597000 -6.2
51.93340300 4.220904000 -6.2
51.93409100 4.219502000 -7.0
51.93446000 4.218725000 -7.0
51.93481300 4.217939000 -6.8
51.93549800 4.216332000 -6.2
51.93579200 4.215593000 -6.4
51.93591600 4.215296000 -6.4
51.93642200 4.215156000 -7.0
51.93647700 4.215631000 -7.0
51.93649900 4.215914000 -5.8
51.93672800 4.215508000 -4.6
51.93701900 4.215384000 -4.6
51.93736500 4.215698000 -5.8
51.93776600 4.216019000 -8.8
51.93795900 4.216196000 -9.8
51.93847200 4.216663000 -10.0
51.93930500 4.217403000 -9.6
51.93982400 4.217871000 -9.4
51.94034600 4.218328000 -9.2
51.94124100 4.219157000 -9.8
51.94152800 4.219925000 -9.4
51.94185700 4.220398000 -8.6
51.94228200 4.220947000 -8.4
51.94271300 4.221501000 -8.6
51.94361500 4.222662000 -8.4
51.94405000 4.223243000 -8.4
51.94448800 4.223802000 -8.4
51.94534300 4.224897000 -8.2
51.94572300 4.225411000 -8.0
51.94617500 4.225992000 -8.2
51.94706200 4.227124000 -8.4
51.94750900 4.227678000 -8.2
51.94765500 4.227882000 -8.2
51.94725900 4.228302000 -6.4
51.94718600 4.228311000 -6.4
51.94695500 4.228372000 -6.2
51.94650600 4.228808000 -7.4
51.94602800 4.229051000 -8.2
51.94587300 4.229072000 -8.4
51.94527600 4.229371000 -8.8
51.94471600 4.229645000 -9.0
51.94436300 4.229896000 -8.2
51.94408000 4.229999000 -5.6
51.94404100 4.230039000 -5.2
51.94400300 4.230210000 -5.0
51.94407300 4.230478000 -4.8
51.94393800 4.230626000 -4.6
51.94367000 4.230851000 -4.6
51.94305100 4.231461000 -6.4
51.94297000 4.231633000 -6.6
51.94300600 4.231955000 -7.4
51.94309000 4.232304000 -8.6
51.94325500 4.232874000 -10.2
51.94331800 4.233091000 -11.2
51.94357300 4.234036000 -11.6
51.94371400 4.234597000 -11.6
51.94385100 4.235148000 -11.2
51.94411300 4.236776000 -11.0
51.94410400 4.237750000 -10.8
51.94400000 4.238690000 -10.8
51.94381700 4.239653000 -13.6
51.94376300 4.239926000 -14.8
51.94376900 4.240061000 -15.0
51.94356500 4.241586000 -13.6
51.94353400 4.241872000 -12.2
51.94351300 4.242055000 -11.2
51.94350000 4.242544000 -10.2
51.94357700 4.242935000 -10.2
51.94379400 4.243839000 -10.4
51.94414200 4.245457000 -11.0
51.94417300 4.245547000 -11.0
51.94419500 4.245639000 -11.2
51.94440600 4.246602000 -11.4
51.94475200 4.247354000 -11.4
51.94508600 4.248120000 -11.2
51.94561000 4.249779000 -11.0
51.94583200 4.250674000 -10.6
51.94596500 4.251282000 -10.4
51.94634800 4.252678000 -10.0
51.94652100 4.253589000 -9.4
51.94664500 4.254455000 -10.0
51.94695400 4.256277000 -10.8
51.94715300 4.257164000 -11.0
51.94734300 4.258054000 -10.6
51.94772800 4.259756000 -10.4
51.94786000 4.260694000 -10.4
51.94801900 4.261601000 -10.8
51.94822100 4.262603000 -10.8
51.94825700 4.263528000 -10.8
51.94831400 4.264218000 -11.0
51.94857800 4.266016000 -11.2
51.94873300 4.266905000 -11.2
51.94888800 4.267782000 -11.2
51.94906900 4.269085000 -11.0
51.94918700 4.269999000 -11.2
51.94935800 4.270843000 -11.8
51.94961000 4.271988000 -11.8
51.94975300 4.272551000 -11.6
51.94999100 4.273409000 -11.0
51.95040100 4.274551000 -11.4
51.95027300 4.274800000 -11.0
51.95010000 4.275008000 -9.6
51.94990000 4.275330000 -8.6
51.94967800 4.275979000 -8.8
51.94963600 4.276171000 -9.0
51.94956400 4.276886000 -9.2
51.94957000 4.276956000 -9.0
51.94961800 4.277076000 -9.0
51.94964100 4.277607000 -8.4
51.94965000 4.277794000 -8.4
51.94968100 4.278003000 -8.4
51.94978100 4.278771000 -9.8
51.94982800 4.279095000 -11.0
51.94994400 4.279988000 -11.2
51.95018700 4.281682000 -11.0
51.95032900 4.282626000 -11.8
51.95049100 4.283515000 -11.8
51.95093200 4.284821000 -11.6
51.95128300 4.285548000 -11.2
51.95163400 4.286241000 -11.4
51.95232000 4.287627000 -11.0
51.95243400 4.287862000 -11.0
51.95278800 4.288575000 -10.6
51.95349000 4.289997000 -10.6
51.95383300 4.290691000 -10.4
51.95418700 4.291402000 -10.0
51.95489200 4.292847000 -11.6
51.95514700 4.293369000 -11.8
51.95535000 4.293783000 -12.0
51.95604800 4.295184000 -11.6
51.95640800 4.295896000 -11.2
51.95655700 4.296226000 -11.0
51.95715200 4.297412000 -10.6
51.95753100 4.298067000 -11.0
51.95767500 4.298265000 -12.0
51.95828000 4.298936000 -12.6
51.95873300 4.299429000 -12.6
51.95919000 4.299931000 -12.2
51.95987900 4.300686000 -11.8
51.96036400 4.301094000 -11.4
51.96087800 4.301399000 -11.8
51.96195600 4.301778000 -11.8
51.96221100 4.301865000 -11.0
51.96277400 4.302068000 -10.8
51.96384800 4.302475000 -10.6
51.96440900 4.302728000 -10.2
51.96495100 4.303032000 -10.4
51.96601700 4.303657000 -11.2
51.96656300 4.303947000 -11.2
51.96699400 4.304151000 -12.0
51.96807200 4.304550000 -12.8
51.96824800 4.304622000 -13.0
51.96880700 4.304911000 -13.4
51.96978800 4.305799000 -12.6
51.97024500 4.306389000 -12.8
51.97063500 4.307069000 -12.6
51.97099600 4.307890000 -12.0
51.97126000 4.308702000 -12.0
51.97146400 4.309548000 -11.4
51.97157800 4.310212000 -10.8
51.97169900 4.310874000 -9.6
51.97177900 4.311289000 -9.0
51.97204400 4.312716000 -9.0
51.97212400 4.313326000 -10.0
51.97214700 4.313707000 -10.8
51.97221200 4.314324000 -14.0
51.97233700 4.315038000 -14.0
51.97215700 4.315889000 -13.2
51.97191500 4.316387000 -13.0
51.97181000 4.316870000 -13.0
51.97148800 4.317599000 -12.8
51.97107800 4.318492000 -12.4
51.97093300 4.318936000 -12.4
51.97094700 4.319403000 -12.8
51.97123200 4.321242000 -13.0
51.97126200 4.321419000 -13.0
51.97130300 4.321653000 -13.2
51.97124000 4.321778000 -13.0
51.97122800 4.321781000 -12.8
51.97119600 4.321794000 -10.0
51.97103400 4.321904000 -10.0
51.97093300 4.321967000 -10.0
51.97075700 4.322069000 -10.2
51.97051300 4.322210000 -11.0
51.97033100 4.322329000 -11.4
51.97009000 4.322492000 -12.0
51.96922500 4.323015000 -12.4
51.96871800 4.323359000 -12.4
51.96819800 4.323667000 -12.4
51.96715700 4.324272000 -12.6
51.96660500 4.324663000 -12.8
51.96610500 4.325025000 -12.4
51.96496300 4.325583000 -11.4
51.96439000 4.325816000 -11.6
51.96380000 4.326014000 -12.0
51.96275200 4.326477000 -12.0
51.96230100 4.326723000 -12.0
51.96196500 4.327137000 -12.6
51.96124600 4.328202000 -12.2
51.96079600 4.328813000 -11.6
51.96035300 4.329476000 -11.4
51.95941300 4.330640000 -11.4
51.95921100 4.330899000 -11.2
51.95882700 4.330921000 -11.0
51.95822500 4.330500000 -10.6
51.95766900 4.330076000 -10.6
51.95708200 4.329795000 -11.2
51.95624200 4.329765000 -11.2
51.95575600 4.330072000 -11.6
51.95522400 4.330452000 -11.8
51.95428400 4.331424000 -11.8
51.95383900 4.332012000 -11.8
51.95337700 4.332591000 -11.8
51.95253500 4.333674000 -11.6
51.95209200 4.334242000 -11.4
51.95166600 4.334798000 -11.4
51.95122600 4.335353000 -11.2
51.95114700 4.335453000 -11.2
51.95111200 4.335520000 -10.6
51.95105700 4.335625000 -9.4
51.95100300 4.335713000 -9.4
51.95092100 4.335809000 -9.4
51.95064500 4.336510000 -11.0
51.95067500 4.336583000 -11.2
51.95073600 4.336734000 -11.4
51.95093400 4.337280000 -11.8
51.95119500 4.337911000 -12.2
51.95137900 4.338223000 -12.4
51.95188000 4.339168000 -13.0
51.95211200 4.339394000 -13.0
51.95227600 4.339734000 -13.0
51.95274400 4.341031000 -12.8
51.95294800 4.341577000 -13.0
51.95325300 4.342400000 -13.2
51.95391200 4.343930000 -13.4
51.95394100 4.344013000 -13.4
51.95415200 4.344901000 -13.6
51.95432400 4.345978000 -12.6
51.95440800 4.346256000 -12.4
51.95450600 4.346514000 -12.4
51.95485900 4.348302000 -12.6
51.95489000 4.348590000 -12.8
51.95479400 4.349021000 -12.8
51.95473700 4.349703000 -12.2
51.95478700 4.350034000 -11.4
51.95479900 4.350122000 -11.4
51.95504800 4.351342000 -12.4
51.95523500 4.352166000 -12.4
51.95538500 4.353026000 -11.8
51.95566700 4.354824000 -13.0
51.95580700 4.355719000 -13.0
51.95589800 4.356631000 -12.6
51.95620300 4.357755000 -12.6
51.95638800 4.358651000 -12.4
51.95653000 4.359494000 -12.6
51.95675800 4.360070000 -13.8
51.95694100 4.360950000 -13.4
51.95716500 4.362199000 -13.2
51.95735700 4.363039000 -13.2
51.95748200 4.363612000 -13.4
51.95772600 4.365086000 -12.8
51.95780200 4.365435000 -12.6
51.95789400 4.365819000 -12.2
51.95796800 4.366090000 -12.0
51.95799900 4.366220000 -11.8
51.95807300 4.366548000 -11.6
51.95809600 4.366680000 -11.4
51.95806100 4.366711000 -9.8
51.95803000 4.366730000 -9.8
51.95775200 4.366915000 -9.8
51.95764000 4.366990000 -10.0
51.95740900 4.367149000 -11.0
51.95648200 4.367769000 -11.4
51.95593800 4.368107000 -11.4
51.95545000 4.368407000 -12.0
51.95471300 4.368853000 -12.0
51.95416800 4.369194000 -11.6
51.95364800 4.369526000 -11.6
51.95257000 4.370218000 -11.2
51.95208000 4.370541000 -11.2
51.95194100 4.370626000 -11.2
51.95185600 4.370773000 -11.2
51.95200800 4.371099000 -11.4
51.95215900 4.371384000 -12.2
51.95233800 4.371743000 -13.4
51.95240500 4.371882000 -13.6
51.95276000 4.372625000 -14.2
51.95343100 4.374034000 -13.6
51.95368300 4.374609000 -13.6
51.95376300 4.375105000 -13.6
51.95388400 4.376964000 -12.8
51.95391800 4.377909000 -12.6
51.95391200 4.378243000 -12.6
51.95363400 4.378543000 -12.4
51.95346800 4.378591000 -12.2
51.95335300 4.378610000 -11.4
51.95295900 4.378681000 -11.2
51.95292300 4.378984000 -11.2
51.95310400 4.379473000 -12.2
51.95334700 4.380559000 -12.4
51.95365300 4.381316000 -13.4
51.95393600 4.382060000 -13.6
51.95420900 4.382944000 -13.6
51.95421400 4.383098000 -13.6
51.95428500 4.383971000 -12.6
51.95438700 4.384474000 -12.6
51.95450900 4.384978000 -13.2
51.95458100 4.385313000 -14.2
51.95468500 4.385859000 -14.2
51.95489700 4.386549000 -13.6
51.95517000 4.387359000 -13.6
51.95571000 4.388965000 -13.8
51.95597300 4.389741000 -13.6
51.95623600 4.390514000 -13.6
51.95679100 4.392139000 -13.6
51.95707100 4.392926000 -13.8
51.95733000 4.393644000 -14.0
51.95776600 4.394938000 -13.8
51.95777100 4.394994000 -13.8
51.95772400 4.395126000 -13.6
51.95766600 4.395213000 -13.4
51.95763000 4.395248000 -12.8
51.95746500 4.395376000 -12.0
51.95679000 4.395899000 -12.0
51.95646300 4.396185000 -12.2
51.95629500 4.396400000 -12.2
51.95598200 4.396692000 -12.2
51.95594600 4.396733000 -12.2
51.95585600 4.396885000 -12.2
51.95580300 4.397136000 -10.4
51.95585300 4.397458000 -10.8
51.95592900 4.397731000 -11.4
51.95572100 4.398051000 -12.4
51.95571100 4.398292000 -12.6
51.95575700 4.398441000 -12.8
51.95581300 4.399286000 -12.8
51.95565400 4.399541000 -12.4
51.95554800 4.399960000 -11.6
51.95538300 4.400240000 -10.4
51.95499900 4.400888000 -9.4
51.95461400 4.401542000 -9.4
51.95384200 4.402851000 -10.0
51.95345600 4.403505000 -10.0
51.95307100 4.404157000 -10.0
51.95223400 4.405504000 -9.6
51.95182300 4.406167000 -10.0
51.95142600 4.406820000 -10.0
51.95066500 4.408126000 -10.2
51.95026100 4.408827000 -10.4
51.94997200 4.409294000 -10.6
51.94936000 4.409631000 -10.2
51.94898300 4.410255000 -10.0
51.94861300 4.410891000 -10.2
51.94808800 4.411875000 -10.0
51.94806800 4.412283000 -9.8
51.94794100 4.412702000 -9.8
51.94709900 4.413851000 -9.8
51.94657800 4.414307000 -9.6
51.94607600 4.414682000 -9.4
51.94498600 4.415166000 -9.2
51.94458200 4.415222000 -9.2
51.94398400 4.415263000 -9.0
51.94375700 4.415283000 -8.6
51.94342700 4.415292000 -8.4
51.94330200 4.415298000 -8.4
51.94255600 4.415333000 -8.2
51.94201700 4.415396000 -8.4
51.94143200 4.415477000 -8.2
51.94096800 4.415298000 -8.2
51.94053800 4.414627000 -8.0
51.94011400 4.414060000 -8.4
51.93971900 4.413672000 -8.6
51.93961000 4.413474000 -8.6
51.93950500 4.413219000 -8.0
51.93916900 4.411881000 -7.8
51.93910000 4.411589000 -7.8
51.93907600 4.411494000 -7.8
51.93883900 4.411387000 -7.8
51.93871400 4.411416000 -7.8
51.93827000 4.411530000 -7.8
51.93753100 4.411721000 -8.0
51.93719500 4.411751000 -6.6
51.93686600 4.411775000 -5.8
51.93662900 4.411790000 -4.4
51.93650300 4.411803000 -4.0
51.93637600 4.411807000 -4.0
51.93627800 4.411869000 -4.0
51.93632600 4.411954000 -4.4
51.93634500 4.412020000 -5.4
51.93652800 4.412284000 -8.0
51.93655800 4.412427000 -9.2
51.93656500 4.412506000 -9.4
51.93663100 4.413144000 -10.4
51.93673800 4.413506000 -11.2
51.93705800 4.414251000 -11.4
51.93740500 4.415308000 -10.6
51.93746600 4.416245000 -10.8
51.93756600 4.416850000 -11.0
51.93776400 4.417400000 -10.0
51.93785700 4.417624000 -8.6
51.93785000 4.417718000 -8.0
51.93769400 4.417870000 -7.8
51.93747400 4.418085000 -8.4
51.93726000 4.418341000 -9.4
51.93665600 4.419078000 -10.2
51.93659000 4.419163000 -10.2
51.93652600 4.419241000 -10.2
51.93641300 4.419366000 -10.0
51.93640400 4.419373000 -9.8
51.93636300 4.419432000 -8.8
51.93621900 4.419627000 -9.0
51.93613000 4.419741000 -9.0
51.93593200 4.419980000 -9.8
51.93546100 4.420555000 -10.8
51.93499100 4.421129000 -11.2
51.93452800 4.421703000 -11.4
51.93428300 4.422022000 -11.4
51.93383500 4.422540000 -11.2
51.93339900 4.423073000 -11.4
51.93251600 4.424133000 -11.0
51.93208100 4.424661000 -11.0
51.93163700 4.425185000 -11.0
51.93070700 4.426349000 -10.8
51.93032100 4.426926000 -10.4
51.92988800 4.427561000 -10.2
51.92898700 4.428755000 -9.8
51.92851900 4.429337000 -9.8
51.92809600 4.429895000 -10.0
51.92736200 4.430960000 -10.0
51.92693700 4.431620000 -10.0
51.92690000 4.432526000 -10.0
51.92686700 4.433090000 -9.2
51.92679100 4.433351000 -8.0
51.92676600 4.433404000 -7.6
51.92627300 4.433638000 -6.4
51.92573200 4.433525000 -7.2
51.92565300 4.433527000 -7.8
51.92538100 4.433747000 -9.0
51.92490800 4.434347000 -9.6
51.92457700 4.434773000 -10.0
51.92382200 4.435765000 -10.6
51.92372900 4.435908000 -10.4
51.92326400 4.436505000 -10.2
51.92274700 4.437154000 -10.2
51.92250200 4.437284000 -10.4
51.92225500 4.437400000 -10.6
51.92134700 4.438479000 -9.6
51.92107400 4.438816000 -10.0
51.92077500 4.439632000 -10.4
51.92047100 4.440501000 -10.6
51.92034300 4.440689000 -10.6
51.92026000 4.440801000 -10.4
51.92007000 4.441049000 -9.6
51.91986000 4.441343000 -9.0
51.91982300 4.441387000 -9.0
51.91972400 4.441597000 -8.6
51.91974100 4.441632000 -8.6
51.91985900 4.441761000 -8.4
51.92005100 4.441872000 -8.4
51.92014300 4.442341000 -9.0
51.92012800 4.442720000 -9.4
51.92008700 4.443070000 -9.8
51.92007100 4.443439000 -10.0
51.92001200 4.444364000 -10.2
51.91994600 4.445659000 -10.4
51.91988600 4.446453000 -11.0
51.91981600 4.447399000 -11.2
51.91980500 4.447917000 -11.0
51.91979200 4.447997000 -10.6
51.91971500 4.448108000 -10.4
51.91961300 4.448689000 -10.2
51.91986600 4.448987000 -10.2
51.91990300 4.449141000 -10.4
51.92021300 4.450248000 -11.6
51.92031300 4.450639000 -11.4
51.92048200 4.451219000 -11.0
51.92076600 4.452575000 -11.0
51.92095100 4.453467000 -11.0
51.92114400 4.454339000 -11.4
51.92110600 4.454925000 -11.0
51.92124500 4.455719000 -10.4
51.92126300 4.455992000 -10.6
51.92142100 4.456851000 -11.0
51.92151700 4.457362000 -11.0
51.92161600 4.458301000 -10.6
51.92184900 4.459519000 -10.6
51.92185500 4.459603000 -10.6
51.92186700 4.459752000 -10.6
51.92191400 4.459934000 -10.4
51.92192200 4.459945000 -10.2
51.92200000 4.459920000 -9.8
51.92208400 4.460300000 -9.2
51.92227100 4.461149000 -9.8
